mk: 2.158632
gt: 2.158521
gr: 2.147281
ee: 2.158586
eg: 2.158580
ir: 2.158632
it: 2.158504
vn: 2.158036
cz: 1.999123
cy: 2.158632
ch: 1.699471
au: 2.155017
gb: 1.572297
in: 2.158422
eu: 2.140993
cr: 2.158442
mn: 2.150158
ie: 2.158452
id: 2.158517
es: 2.154834
cn: 2.127412
ru: 1.909634
nl: 0.885657
pt: 2.155738
rs: 2.158619
tw: 2.158524
tr: 2.157875
lt: 2.148132
lv: 2.158534
nz: 2.153443
pa: 2.158435
th: 2.158632
pk: 2.158632
ro: 2.022866
ca: 1.800806
pl: 2.129664
be: 2.155096
fr: 1.433206
bg: 2.156036
mt: 2.152046
dk: 1.966111
hr: 2.158632
ua: 2.069340
de: 1.440294
jp: 2.158042
hu: 2.049682
za: 2.158586
lu: 2.065664
ba: 2.158616
jo: 2.158632
br: 2.157412
fi: 2.125736
je: 2.158632
by: 2.158626
is: 2.123594
md: 2.152793
im: 2.158632
hk: 2.156116
sg: 2.150185
mo: 2.157659
no: 2.153155
us: 0.299363
ve: 2.158632
kr: 2.158206
si: 2.158632
ar: 2.157346
sk: 2.061829
at: 2.009212
kz: 2.158481
sa: 2.158632
my: 2.158632
mx: 2.158232
se: 1.299251
il: 2.158632
